Frequency [Hz]	Real_part [Hz/V]	Imag_part [Hz/V]
9.999999999621422830e+03	2.658478124211853370e+07	-8.772156274825022556e+05
1.349374999994878890e+05	2.513740830703222752e+07	-1.200390842030931264e+07
2.598749999993543606e+05	1.667062029096004739e+07	-2.380111810379688814e+07
3.848124999992208323e+05	3.380527784974101000e+06	-2.857518760334675387e+07
5.097499999990873039e+05	-1.010000973921972699e+07	-2.658090437134636566e+07
6.346874999989537755e+05	-2.089555805408531800e+07	-1.873042939581701532e+07
7.596249999988202471e+05	-2.675234981352533773e+07	-7.022946351178417914e+06
8.845624999986867188e+05	-2.660161698816150799e+07	5.832069158514617011e+06
1.009499999998553190e+06	-2.071002247654788941e+07	1.696342318691672757e+07
1.134437499998419778e+06	-1.062276024757531658e+07	2.403438552228215709e+07
1.259374999998286134e+06	1.325466607106269337e+06	2.571437371698490903e+07
1.384312499998152722e+06	1.245019590873471275e+07	2.191336350411332771e+07
1.509249999998019077e+06	2.047961099423630908e+07	1.374847835699738190e+07
1.634187499997885665e+06	2.390566599482917413e+07	3.119374563994804397e+06
1.759124999997752020e+06	2.227811253849999979e+07	-7.653332567415326834e+06
1.884062499997618608e+06	1.623893618302433752e+07	-1.633629353101913258e+07
2.008999999997484963e+06	7.237900097762913443e+06	-2.132546591767852381e+07
2.133937499997351319e+06	-2.794136435959334020e+06	-2.181466898313231021e+07
2.258874999997218139e+06	-1.177209250497373939e+07	-1.798831091630740464e+07
2.383812499997084495e+06	-1.802771863790612295e+07	-1.073938255033092201e+07
2.508749999996950850e+06	-2.043653795617064461e+07	-1.816852916421959177e+06
2.633687499996817205e+06	-1.876628171357592940e+07	7.107578831624277867e+06
2.758624999996684026e+06	-1.358448767857654765e+07	1.419320205730065890e+07
2.883562499996550381e+06	-5.959309197448978201e+06	1.825957388108685613e+07
3.008499999996416736e+06	2.422112985185103957e+06	1.872735342539113760e+07
3.133437499996283092e+06	1.002851596305933595e+07	1.555194810841643997e+07
3.258374999996149912e+06	1.543764939190159738e+07	9.516846789118219167e+06
3.383312499996016268e+06	1.767816866322540864e+07	1.945970548570954008e+06
3.508249999995882623e+06	1.650293089078960940e+07	-5.681723252507569268e+06
3.633187499995748978e+06	1.231888507869802415e+07	-1.199335211468939297e+07
3.758124999995615799e+06	5.944535836398755200e+06	-1.584931730722356960e+07
3.883062499995482154e+06	-1.347044754437829601e+06	-1.659939095447730646e+07
4.007999999995348509e+06	-8.155426226315252483e+06	-1.427310837078444287e+07
4.132937499995214865e+06	-1.327132467334766127e+07	-9.330533052481619641e+06
4.257874999995081685e+06	-1.575554430453874916e+07	-2.750539121145728510e+06
4.382812499994948506e+06	-1.523994055170284957e+07	4.121158265956570860e+06
4.507749999994814396e+06	-1.192227221878979355e+07	1.007368583422059193e+07
4.632687499994681217e+06	-6.482412796975464560e+06	1.403275080631512403e+07
4.757624999994547106e+06	4.468858627192268614e+04	1.531756349026231095e+07
4.882562499994413927e+06	6.453723549941241741e+06	1.376090638342740387e+07
5.007499999994280748e+06	1.158375088472880051e+07	9.661178609153887257e+06
5.132437499994146638e+06	1.455520390800888464e+07	3.863500710837966762e+06
5.257374999994013458e+06	1.478515980508036911e+07	-2.637789081923450809e+06
5.382312499993880279e+06	1.224116757742366567e+07	-8.617649597737528384e+06
5.507249999993746169e+06	7.397976236794307828e+06	-1.292115473209242336e+07
5.632187499993612990e+06	1.272844886953689856e+06	-1.489924609841509908e+07
5.757124999993478879e+06	-5.209041256028125063e+06	-1.401077118102554232e+07
5.882062499993345700e+06	-1.069331611614164710e+07	-1.050284648270773888e+07
6.006999999993212521e+06	-1.417396305636485852e+07	-5.004045307249957696e+06
6.131937499993078411e+06	-1.508693778090559691e+07	1.518416672564632725e+06
6.256874999992945231e+06	-1.309503639223784953e+07	7.868550071870584972e+06
6.381812499992812052e+06	-8.517887356808265671e+06	1.279934573277715966e+07
6.506749999992677942e+06	-2.242520266444379464e+06	1.534765854143291898e+07
6.631687499992544763e+06	4.631678696402903646e+06	1.500229781623807736e+07
6.756624999992410652e+06	1.082909140092200972e+07	1.170845211560722068e+07
6.881562499992277473e+06	1.507268832953818887e+07	5.948421258295741864e+06
7.006499999992144294e+06	1.641503979127529822e+07	-1.184533015724290395e+06
7.131437499992010184e+06	1.453830548549863324e+07	-8.433226637819699943e+06
7.256374999991877005e+06	9.539660759161649272e+06	-1.427393447040236369e+07
7.381312499991743825e+06	2.271316384472957812e+06	-1.741260812767510116e+07
7.506249999991609715e+06	-5.850690758580193855e+06	-1.699663288388725743e+07
7.631187499991476536e+06	-1.317202390969578549e+07	-1.286217258086361177e+07
7.756124999991342425e+06	-1.807259887346930429e+07	-5.566953041222809814e+06
7.881062499991209246e+06	-1.905295257671949640e+07	3.493373698178135324e+06
8.005999999991076067e+06	-1.560036734182696417e+07	1.233027388115702011e+07
8.130937499990941957e+06	-8.041501017652973533e+06	1.857662047619323432e+07
8.255874999990808778e+06	1.813605136718603084e+06	2.062463372516613081e+07
8.380812499990675598e+06	1.174924766656876728e+07	1.735275833159842342e+07
8.505749999990541488e+06	1.893976697648691759e+07	9.413076136233547702e+06
8.630687499990407377e+06	2.113261754793164134e+07	-1.182568138697325019e+06
8.755624999990275130e+06	1.753195055591803789e+07	-1.148728761414577253e+07
8.880562499990141019e+06	9.272047803025219589e+06	-1.849137930510039628e+07
9.005499999990006909e+06	-1.347946867575670825e+06	-2.010742159716762975e+07
9.130437499989874661e+06	-1.096192375573697127e+07	-1.606473310398085974e+07
9.255374999989740551e+06	-1.680148433772645518e+07	-7.947318248889171518e+06
9.380312499989606440e+06	-1.752237198787287250e+07	1.503828968556048349e+06
9.505249999989474192e+06	-1.348167778158067353e+07	9.424728240462940186e+06
9.630187499989340082e+06	-6.564982006574014202e+06	1.378379137685106322e+07
9.755124999989205971e+06	8.681845991919938242e+05	1.405890345914251916e+07
9.880062499989073724e+06	6.928437480323518626e+06	1.095990825935150124e+07
1.000499999998893961e+07	1.034500957993702404e+07	5.879451163327698596e+06
1.012993749998880550e+07	1.081365850740276463e+07	2.870938064212514437e+05
1.025487499998867325e+07	8.919911608150361106e+06	-4.318516067325777374e+06
1.037981249998853914e+07	5.501259015420314856e+06	-7.194867457665599883e+06
1.050474999998840503e+07	1.524771971129485406e+06	-8.087968449265346862e+06
1.062968749998827092e+07	-2.016502382612967864e+06	-7.247743827351877466e+06
1.075462499998813868e+07	-4.546410623126656748e+06	-5.165074648853676394e+06
1.087956249998800457e+07	-5.781714012246015482e+06	-2.500084375666205771e+06
1.100449999998787045e+07	-5.741650890912934206e+06	2.554846195895054552e+05
1.112943749998773821e+07	-4.653285874791322276e+06	2.428560221458745189e+06
1.125437499998760410e+07	-2.936587333353703376e+06	3.850151417555745225e+06
1.137931249998746999e+07	-9.997672282654719893e+05	4.373908118009287864e+06
1.150424999998733774e+07	8.581452583920439938e+05	4.009443277959557250e+06
1.162918749998720363e+07	2.251235957920229062e+06	3.055707110434211325e+06
1.175412499998706952e+07	3.086303653699212242e+06	1.727947889089383418e+06
1.187906249998693727e+07	3.244131258326342329e+06	2.849935580017653992e+05
1.200399999998680316e+07	2.835157275646663737e+06	-9.630253942922601709e+05
1.212893749998666905e+07	2.050864461163526867e+06	-1.958151911621956155e+06
1.225387499998653680e+07	1.062837769373147050e+06	-2.383124608320730738e+06
1.237881249998640269e+07	-2.322508445021757871e+04	-2.450182673860946205e+06
1.250374999998626858e+07	-9.342197183957420057e+05	-2.094987247742410749e+06
1.262868749998613447e+07	-1.605844774684293894e+06	-1.447814089599133004e+06
1.275362499998600222e+07	-1.923534800378426677e+06	-6.818665902820018819e+05
1.287856249998586811e+07	-1.917417233108316781e+06	1.313588290295064216e+05
1.300349999998573400e+07	-1.621748189283423359e+06	7.963746801078612916e+05
1.312843749998560175e+07	-1.082422245418835664e+06	1.302107733081861399e+06
1.325337499998546764e+07	-4.432770009986117948e+05	1.539755866665989393e+06
1.337831249998533353e+07	1.504338905340649071e+05	1.510807214735752204e+06
1.350324999998520128e+07	7.059777313337883679e+05	1.227741938418699894e+06
1.362818749998506717e+07	1.043763563138787169e+06	8.323692014696794795e+05
1.375312499998493306e+07	1.261000062738518696e+06	3.325164552454719669e+05
1.387806249998480082e+07	1.210993198405353120e+06	-1.496542567030251084e+05
1.400299999998466671e+07	9.980626168926554965e+05	-6.188158693442636868e+05
1.412793749998453259e+07	7.097511704732730286e+05	-8.801857488873808179e+05
1.425287499998440035e+07	2.991487915558450622e+05	-1.089595048914475366e+06
1.437781249998426624e+07	-1.599807603003343393e+05	-1.020375856941682869e+06
1.450274999998413213e+07	-4.984664587746336474e+05	-8.675859299016378354e+05
1.462768749998399988e+07	-8.027290805047291797e+05	-5.935540945193741936e+05
1.475262499998386577e+07	-9.031565379576252308e+05	-2.736589974754917785e+05
1.487756249998373166e+07	-9.463251641248551896e+05	1.434477850915032905e+05
1.500249999998359755e+07	-7.492805789793982403e+05	4.899230408544071834e+05
1.512743749998346530e+07	-4.891981981718897005e+05	7.053164077999095898e+05
1.525237499998333119e+07	-1.964794141459618695e+05	8.305202112082205713e+05
1.537731249998319708e+07	1.481673619285974128e+05	8.216351762489683460e+05
1.550224999998306483e+07	4.225152147964666947e+05	6.816359574663438834e+05
1.562718749998293072e+07	6.352314000768524129e+05	4.427891586643871851e+05
1.575212499998279661e+07	7.503142813227111474e+05	1.403655300669800199e+05
1.587706249998266436e+07	7.692513000646115979e+05	-1.526380530952884874e+05
1.600199999998253025e+07	6.505596279526790604e+05	-4.420205248825069866e+05
1.612693749998239614e+07	4.151487657489595586e+05	-6.219041219563451596e+05
1.625187499998226389e+07	1.482784105103366892e+05	-7.210805451323539019e+05
1.637681249998212978e+07	-1.661541829802596476e+05	-6.723599823102472583e+05
1.650174999998199567e+07	-3.918503976325951517e+05	-5.846755172997328918e+05
1.662668749998186342e+07	-5.573004375416386174e+05	-3.590990114908048999e+05
1.675162499998172931e+07	-6.833733440904449672e+05	-8.329255319535982562e+04
1.687656249998159707e+07	-6.548504751758683706e+05	1.895724822980375029e+05
1.700149999998146296e+07	-4.981957562147052959e+05	4.014952046734711621e+05
1.712643749998132885e+07	-3.206768357472796924e+05	5.789980186262578936e+05
1.725137499998119473e+07	-5.578072413148768828e+04	6.675783786200633040e+05
1.737631249998106062e+07	2.272916758321581001e+05	5.645029270644189091e+05
1.750124999998092651e+07	3.344370482976548956e+05	5.224179035768279573e+05
1.762618749998079613e+07	6.047876232617393835e+05	2.596753036019431893e+05
1.775112499998066202e+07	6.253016733111814829e+05	-2.094690570489648599e+04
1.787606249998052791e+07	5.817757883123215288e+05	-2.538900323644613090e+05
1.800099999998039380e+07	4.271530231046876288e+05	-4.427469749795416137e+05
1.812593749998025969e+07	2.214006191302326915e+05	-6.423602055621844484e+05
1.825087499998012558e+07	-6.642082701262411138e+04	-6.399096403199406341e+05
1.837581249997999147e+07	-3.395306638485395233e+05	-5.753626844976663124e+05
1.850074999997986108e+07	-5.209631984485004796e+05	-3.656401879461675999e+05
1.862568749997972697e+07	-6.424563260146190878e+05	-1.480924777251977357e+05
1.875062499997959286e+07	-6.407305084068938158e+05	1.066281683370712854e+05
1.887556249997945875e+07	-5.146632666348697385e+05	3.782460091669538524e+05
1.900049999997932464e+07	-3.061397726861567935e+05	5.471219223263000604e+05
1.912543749997919053e+07	-1.863007196420651235e+04	6.200871474682893604e+05
1.925037499997906014e+07	1.986228880033573951e+05	6.133524280062774196e+05
1.937531249997892603e+07	4.142570890190118225e+05	4.683081321030350518e+05
1.950024999997879192e+07	5.789825814490338089e+05	2.141475702785044850e+05
1.962518749997865781e+07	6.105465490387930768e+05	-5.348391808378082351e+04
1.975012499997852370e+07	5.578642829236072721e+05	-3.626458103350258316e+05
1.987506249997838959e+07	3.914393647368357633e+05	-4.971749486489135888e+05
